Instalment 1,-4019.29,-3194.16,-825.12,427305.84
Instalment 2,-4019.29,-3200.28,-819.0,424105.56
Instalment 3,-4019.29,-3206.42,-812.87,420899.14
Instalment 4,-4019.29,-3212.56,-806.72,417686.58
Instalment 5,-4019.29,-3218.72,-800.57,414467.86
Instalment 6,-4019.29,-3224.89,-794.4,411242.97
Instalment 7,-4019.29,-3231.07,-788.22,408011.9
Instalment 8,-4019.29,-3237.26,-782.02,404774.64
Instalment 9,-4019.29,-3243.47,-775.82,401531.17
Instalment 10,-4019.29,-3249.68,-769.6,398281.49
Instalment 11,-4019.29,-3255.91,-763.37,395025.58
Instalment 12,-4019.29,-3262.15,-757.13,391763.42
Instalment 13,-4019.29,-3268.41,-750.88,388495.02
Instalment 14,-4019.29,-3274.67,-744.62,385220.35
Instalment 15,-4019.29,-3280.95,-738.34,381939.4
Instalment 16,-4019.29,-3287.23,-732.05,378652.17
Instalment 17,-4019.29,-3293.54,-725.75,375358.63
Instalment 18,-4019.29,-3299.85,-719.44,372058.78
Instalment 19,-4019.29,-3306.17,-713.11,368752.61
Instalment 20,-4019.29,-3312.51,-706.78,365440.1
Instalment 21,-4019.29,-3318.86,-700.43,362121.24
Instalment 22,-4019.29,-3325.22,-694.07,358796.02
Instalment 23,-4019.29,-3331.59,-687.69,355464.43
Instalment 24,-4019.29,-3337.98,-681.31,352126.45
Instalment 25,-4019.29,-3344.38,-674.91,348782.08
Instalment 26,-4019.29,-3350.79,-668.5,345431.29
Instalment 27,-4019.29,-3357.21,-662.08,342074.08
Instalment 28,-4019.29,-3363.64,-655.64,338710.44
Instalment 29,-4019.29,-3370.09,-649.2,335340.35
Instalment 30,-4019.29,-3376.55,-642.74,331963.8
Instalment 31,-4019.29,-3383.02,-636.26,328580.78
Instalment 32,-4019.29,-3389.51,-629.78,325191.27
Instalment 33,-4019.29,-3396.0,-623.28,321795.27
Instalment 34,-4019.29,-3402.51,-616.77,318392.76
Instalment 35,-4019.29,-3409.03,-610.25,314983.72
Instalment 36,-4019.29,-3415.57,-603.72,311568.16
Instalment 37,-4019.29,-3422.11,-597.17,308146.05
Instalment 38,-4019.29,-3428.67,-590.61,304717.37
Instalment 39,-4019.29,-3435.24,-584.04,301282.13
Instalment 40,-4019.29,-3441.83,-577.46,297840.3
Instalment 41,-4019.29,-3448.42,-570.86,294391.88
Instalment 42,-4019.29,-3455.03,-564.25,290936.84
Instalment 43,-4019.29,-3461.66,-557.63,287475.19
Instalment 44,-4019.29,-3468.29,-550.99,284006.9
Instalment 45,-4019.29,-3474.94,-544.35,280531.96
Instalment 46,-4019.29,-3481.6,-537.69,277050.36
Instalment 47,-4019.29,-3488.27,-531.01,273562.09
Instalment 48,-4019.29,-3494.96,-524.33,270067.13
Instalment 49,-4019.29,-3501.66,-517.63,266565.47
Instalment 50,-4019.29,-3508.37,-510.92,263057.1
Instalment 51,-4019.29,-3515.09,-504.19,259542.01
Instalment 52,-4019.29,-3521.83,-497.46,256020.18
Instalment 53,-4019.29,-3528.58,-490.71,252491.6
Instalment 54,-4019.29,-3535.34,-483.94,248956.26
Instalment 55,-4019.29,-3542.12,-477.17,245414.14
Instalment 56,-4019.29,-3548.91,-470.38,241865.23
Instalment 57,-4019.29,-3555.71,-463.58,238309.52
Instalment 58,-4019.29,-3562.53,-456.76,234746.99
Instalment 59,-4019.29,-3569.35,-449.93,231177.64
Instalment 60,-4019.29,-3576.19,-443.09,227601.45
Instalment 61,-4019.29,-3583.05,-436.24,224018.4
Instalment 62,-4019.29,-3589.92,-429.37,220428.48
Instalment 63,-4019.29,-3596.8,-422.49,216831.68
Instalment 64,-4019.29,-3603.69,-415.59,213227.99
Instalment 65,-4019.29,-3610.6,-408.69,209617.39
Instalment 66,-4019.29,-3617.52,-401.77,205999.87
Instalment 67,-4019.29,-3624.45,-394.83,202375.42
Instalment 68,-4019.29,-3631.4,-387.89,198744.02
Instalment 69,-4019.29,-3638.36,-380.93,195105.66
Instalment 70,-4019.29,-3645.33,-373.95,191460.33
Instalment 71,-4019.29,-3652.32,-366.97,187808.01
Instalment 72,-4019.29,-3659.32,-359.97,184148.69
Instalment 73,-4019.29,-3666.33,-352.95,180482.36
Instalment 74,-4019.29,-3673.36,-345.92,176809.0
Instalment 75,-4019.29,-3680.4,-338.88,173128.6
Instalment 76,-4019.29,-3687.46,-331.83,169441.14
Instalment 77,-4019.29,-3694.52,-324.76,165746.62
Instalment 78,-4019.29,-3701.6,-317.68,162045.01
Instalment 79,-4019.29,-3708.7,-310.59,158336.31
Instalment 80,-4019.29,-3715.81,-303.48,154620.51
Instalment 81,-4019.29,-3722.93,-296.36,150897.58
Instalment 82,-4019.29,-3730.06,-289.22,147167.51
Instalment 83,-4019.29,-3737.21,-282.07,143430.3
Instalment 84,-4019.29,-3744.38,-274.91,139685.92
Instalment 85,-4019.29,-3751.55,-267.73,135934.37
Instalment 86,-4019.29,-3758.74,-260.54,132175.62
Instalment 87,-4019.29,-3765.95,-253.34,128409.67
Instalment 88,-4019.29,-3773.17,-246.12,124636.51
Instalment 89,-4019.29,-3780.4,-238.89,120856.11
Instalment 90,-4019.29,-3787.64,-231.64,117068.46
Instalment 91,-4019.29,-3794.9,-224.38,113273.56
Instalment 92,-4019.29,-3802.18,-217.11,109471.38
Instalment 93,-4019.29,-3809.47,-209.82,105661.92
Instalment 94,-4019.29,-3816.77,-202.52,101845.15
Instalment 95,-4019.29,-3824.08,-195.2,98021.07
Instalment 96,-4019.29,-3831.41,-187.87,94189.66
Instalment 97,-4019.29,-3838.76,-180.53,90350.9
Instalment 98,-4019.29,-3846.11,-173.17,86504.79
Instalment 99,-4019.29,-3853.48,-165.8,82651.3
Instalment 100,-4019.29,-3860.87,-158.41,78790.43
Instalment 101,-4019.29,-3868.27,-151.01,74922.16
Instalment 102,-4019.29,-3875.68,-143.6,71046.48
Instalment 103,-4019.29,-3883.11,-136.17,67163.37
Instalment 104,-4019.29,-3890.56,-128.73,63272.81
Instalment 105,-4019.29,-3898.01,-121.27,59374.8
Instalment 106,-4019.29,-3905.48,-113.8,55469.31
Instalment 107,-4019.29,-3912.97,-106.32,51556.35
Instalment 108,-4019.29,-3920.47,-98.82,47635.88
Instalment 109,-4019.29,-3927.98,-91.3,43707.89
Instalment 110,-4019.29,-3935.51,-83.77,39772.38
Instalment 111,-4019.29,-3943.05,-76.23,35829.33
Instalment 112,-4019.29,-3950.61,-68.67,31878.71
Instalment 113,-4019.29,-3958.18,-61.1,27920.53
Instalment 114,-4019.29,-3965.77,-53.51,23954.76
Instalment 115,-4019.29,-3973.37,-45.91,19981.39
Instalment 116,-4019.29,-3980.99,-38.3,16000.4
Instalment 117,-4019.29,-3988.62,-30.67,12011.78
Instalment 118,-4019.29,-3996.26,-23.02,8015.52
Instalment 119,-4019.29,-4003.92,-15.36,4011.6
Instalment 120,-4019.29,-4011.6,-7.69,-0.0
